id	Sample name	ASP_Conc	ASP_Area	GLU_Conc	GLU_Area	ASN_Conc	ASN_Area	SER_Conc	SER_Area	GLN_Conc	GLN_Area	HIS_Conc	HIS_Area	GLY_Conc	GLY_Area	THR_Conc	THR_Area	ARG_Conc	ARG_Area	ALA_Conc	ALA_Area	TYR_Conc	TYR_Area	CYS_Conc	CYS_Area	VAL_Conc	VAL_Area	MET_Conc	MET_Area	NOR_Conc	NOR_Area	TRP_Conc	TRP_Area	PHE_Conc	PHE_Area	ISO_Conc	ISO_Area	LEU_Conc	LEU_Area	LYS_Conc	LYS_Area
1	calib_100_cdm	0	0	0	0	3246.231	4993054	0	0	211.324	450723	936.491	2288540	0	0	44.454	67815	2767.43	9794894	0	0	349.919	583397	387.342	3647177	38.732	65600	1078.072	3203057	0	26448	213.028	435881	776.6	1596273	0	0	1083.085	3196237	1342.752	1728757
16	calib_96_cdm	8.89	951076	5.789	1022898	5.416	1021396	14.755	4425296	5.971	1505186	1.409	403268	3.727	2167997	5.004	947304	12.861	5255704	13.194	3654312	2.105	428441	3.925	3784137	6.486	1373711	2.335	808459	0	3172536	1.6	390748	3.457	868132	5.523	1353343	8.06	2829726	9.139	1422887
18	calib_80_cdm	8.535	1152055	5.349	1192796	4.951	1175170	13.169	4957150	5.271	1665402	1.241	444863	3.035	2170740	4.656	1110212	11.28	5758281	11.641	4051977	2.143	547697	2.839	3210069	5.964	1593541	2.036	881432	0	3984879	1.439	440913	3.13	988988	5.024	1553111	7.117	3134845	8.298	1624183
19	calib_70_cdm	7.132	981984	4.598	1034002	4.187	996367	11.389	4274887	4.562	1435023	1.078	384097	2.635	1848587	4.021	963128	9.655	4882647	10.156	3531185	1.973	504285	2.468	2678200	5.111	1375159	1.763	758109	0	3977921	1.207	368755	2.703	855177	4.356	1354665	6.222	2732261	7.121	1393345
20	calib_60_cdm	6.015	880682	3.905	923375	3.531	876943	9.642	3752391	3.858	1255477	0.908	333995	2.204	1562378	3.381	848208	8.151	4238061	8.643	3122548	1.618	430927	2.037	2144760	4.325	1221771	1.493	661669	0	4130089	1.026	325114	2.289	755140	3.713	1210814	5.295	2409735	6.07	1235468
21	calib_50_cdm	5.205	810496	3.351	834877	3.005	779980	8.167	3297148	3.258	1096742	0.761	288510	1.83	1302384	2.877	757414	6.919	3696441	7.264	2730500	1.462	405619	1.673	1672959	3.705	1100752	1.259	574695	0	4292010	0.869	285759	1.942	668967	3.174	1087818	4.466	2106913	5.148	1091263
22	calib_40_cdm	4.42	799087	2.788	798042	2.485	732715	6.722	3051397	2.67	1006765	0.623	263465	1.494	1141693	2.361	710292	5.662	3352619	6.021	2554298	1.2	377409	1.335	1302490	3.078	1048131	1.033	524706	0	4837362	0.719	265965	1.617	631835	2.613	1026297	3.675	1947601	4.232	1014272
23	calib_30_cdm	3.654	809494	2.182	758465	1.953	686733	5.036	2679455	2.001	877861	0.475	232480	1.115	912176	1.848	668298	4.108	2762886	4.546	2276721	0.728	274824	0.971	793809	2.413	993465	0.762	444682	0	5695929	0.549	238083	1.179	550226	2.041	968224	2.693	1669137	3.131	889002
24	calib_20_cdm	1.933	526012	1.23	484650	1.167	435930	3.131	1684314	1.275	556422	0.299	142816	0.796	561298	1.073	424226	2.746	1763475	2.782	1434517	0.539	211901	0.831	520768	1.379	633667	0.494	279080	0	5824526	0.343	150739	0.217	127322	1.185	622718	1.706	1065653	1.886	555939
25	calib_10_cdm	0.537	295410	0.476	267239	0.551	238726	1.64	902163	0.694	297772	0.169	76554	0.549	285969	0.47	233796	1.646	951709	1.408	776072	0.274	120230	0.688	235604	0.572	352288	0.287	151614	0	6120771	0.183	82798	0.342	192914	0.472	333063	0.907	574391	1.046	333990
2	ccpa_cdm_b1_rep1of3	10.412	1025175	6.931	1134059	6.818	1196855	17.8	4996503	7.772	1838299	1.733	465950	4.674	2589823	6.104	1073050	16.616	6404717	15.547	4023777	2.824	535061	5.236	4923592	7.952	1560627	2.705	878943	0	2966236	1.852	423086	4.404	1029886	6.862	1557911	9.811	3225189	10.99	1597680
3	ccpa_cdm_b2_rep1of3	10.003	990467	6.534	1074363	6.319	1112748	16.568	4657542	6.349	1500449	1.627	437624	4.291	2366626	5.745	1013845	14.875	5723880	14.989	3887083	2.781	528035	4.488	4140193	7.443	1467315	2.466	801017	0	2971721	1.842	421523	4.009	940613	6.139	1402513	9.236	3040515	9.574	1395728
4	ccpa_cdm_b3_rep1of2	11.733	1989974	7.181	2041953	6.746	2061617	16.504	8061409	6.243	2562941	1.575	735865	3.298	3084831	6.237	1907571	13.11	8725899	14.823	6679552	2.712	894900	2.297	3160319	7.994	2730332	2.349	1324036	0	5163633	1.842	732546	4.113	1675908	6.694	2647988	8.917	5099427	10.237	2591839
5	ccpa_R1_t1	11.111	1612923	7.495	1812046	1.886	513189	1.353	528345	0.658	201390	0.995	391136	2.167	1631353	0.752	239355	0	0	9.436	3629526	2.465	693910	2.096	2377389	3.447	1056129	1.2	559874	0	4398999	0.854	287779	2.954	1031640	1.475	564385	3.583	1725934	6.786	1469100
5	ccpa_R1_t2	10.588	1331607	7.015	1467634	1.63	386050	1.316	442381	0.595	154321	0.944	319408	2.223	1450087	0.635	180921	0	0	9.027	2995858	1.817	443549	2.39	2448629	3.122	832665	1.113	445841	0	3794635	0.443	127568	2.617	790446	1.411	468968	3.425	1422141	6.363	1189255
5	ccpa_R1_t3	10.167	1368960	6.789	1517376	1.706	429673	1.254	447998	0.598	165696	0.968	349559	2.099	1446231	0.639	193935	0	0	8.707	3082736	2.064	536181	2.184	2315143	3.121	887849	1.102	470734	0	4047364	0.366	111907	2.637	849573	1.418	502204	3.336	1476797	6.16	1228330
5	ccpa_R1_t4	9.739	1054307	6.687	1197499	1.687	340485	1.262	360991	0.593	131461	1.1	319293	2.28	1275378	0.63	153603	0	0	8.875	2515552	2.12	440684	2.578	2308343	3.117	710141	1.144	392136	0	3240593	0.836	207496	2.694	694623	1.419	402422	3.431	1216564	6.116	976636
5	ccpa_R1_t5	8.39	845160	5.981	987000	1.548	287845	1.191	310728	0.553	110849	1.123	298978	2.35	1209541	0.539	125255	0	0	8.354	2169619	1.95	371951	2.926	2482288	2.786	588010	1.099	344146	0	2968217	0.502	113403	2.518	595545	1.279	337982	3.308	1073789	5.718	836966
6	ccpa_R2_t1	9.856	1108149	6.722	1251349	1.692	355006	1.364	408296	0.445	96214	1.012	304746	2.28	1326100	0.65	163676	0	0	8.983	2647297	1.935	418936	2.642	2476791	3.127	740417	1.141	406622	0	3369540	0.318	80771	2.605	698856	1.456	427692	3.524	1300176	6.213	1031440
6	ccpa_R2_t2	10.1	1330393	6.639	1452327	1.565	387740	1.294	452942	0.407	100874	0.86	302352	1.915	1267798	0.656	193577	0	0	8.422	2915592	1.988	505361	2.008	2013914	3.027	844383	1.017	422430	0	3956908	0.671	202887	2.473	779948	1.381	480121	3.239	1400663	5.706	1113443
6	ccpa_R2_t3	10.512	1202371	7.032	1336878	1.782	381411	1.378	422395	0.431	94653	1	308164	2.106	1237271	0.712	179770	0	0	9.096	2743646	2.02	447414	2.275	2084152	3.279	791274	1.126	410357	0	3448896	0.334	86789	2.676	734224	1.515	452628	3.534	1334535	6.226	1057795
6	ccpa_R2_t4	9.022	986797	6.221	1121006	1.583	321716	1.313	377686	0.394	79601	1.048	304610	2.196	1223811	0.609	150029	0	0	8.585	2439834	1.849	386418	2.57	2305373	2.909	668917	1.072	366766	0	3248655	0.317	77550	2.483	642952	1.349	386601	3.375	1199316	5.76	922738
6	ccpa_R2_t5	8.548	763070	6.112	894620	1.554	256630	1.375	321967	0.4	65766	1.147	271165	2.605	1209020	0.592	119192	0	0	8.935	2059801	1.869	316778	3.506	2749557	2.89	539550	1.173	327611	0	2635915	0.451	90352	2.539	533233	1.418	327194	3.619	1044922	6.027	782895
2	ccpa_cdm_b1_rep2of3	7.063	410648	4.967	468488	4.741	474244	14.339	2273513	5.96	794341	1.255	189336	4.794	1505120	4.043	408307	14.085	3053785	12.523	1834400	2.001	215584	7.098	3898580	5.666	639061	2.269	415026	0	1677554	1.482	191276	3.483	462411	5.042	656147	8.05	1494380	7.962	656326
3	ccpa_cdm_b2_rep2of3	8.343	409719	5.931	476993	5.797	497617	17.422	2383849	6.421	738492	1.6	209400	5.822	1595135	4.882	421663	17.037	3203940	14.996	1892431	2.698	249377	8.399	4031600	6.805	655449	2.758	437213	0	1446086	1.843	205256	4.181	476989	6.059	673978	9.993	1601814	8.683	616467
7	ccpa_R3_t1	360.164	1097577	235.735	1249983	58.949	346624	42.887	410763	13.982	113092	34.632	322597	66.391	1335678	28.631	167045	0	0	307.653	2700516	68.08	433251	68.902	2458103	116.114	746060	36.564	413741	0	100908	11.595	90459	90.938	713601	59.362	443319	119.369	1343330	211.79	1040648
7	ccpa_R3_t2	8.119	800688	5.686	917718	1.374	251428	1.212	308839	0.444	82654	1	258630	2.197	1091253	0.534	121278	0	0	8.058	2041362	1.951	362895	2.788	2279371	2.667	551687	1.053	320765	0	2894896	0.459	100956	2.345	541867	1.207	314253	3.21	1015311	5.395	770765
7	ccpa_R3_t3	10.484	1096734	7.334	1272446	1.892	368963	1.525	430215	0.553	117746	1.274	361678	2.679	1493431	0.753	171732	0	0	10.135	2793435	2.352	474970	3.293	3050460	3.539	775454	1.331	447946	0	3153469	0.457	109432	2.987	747663	1.593	432077	4.027	1393596	6.952	1078695
7	ccpa_R3_t4	9.479	1170083	6.506	1326777	1.59	366346	1.311	427737	0.467	112052	1.006	331149	2.079	1301721	0.636	175920	0	0	8.677	2797153	1.872	443542	2.297	2256030	3.059	793840	1.089	423052	0	3684989	0.322	89450	2.539	745411	1.348	438236	3.409	1374359	6.02	1093341
7	ccpa_R3_t5	8.403	460087	6.237	558160	1.578	159369	1.444	207701	0.501	53450	1.857	271997	3.149	915981	0.552	69237	0	0	9.55	1347246	2.145	221979	5.085	2591710	3.005	342050	1.332	229292	0	1613619	0.454	55695	2.742	351856	1.42	200479	3.925	694830	5.886	468248
8	ccpa_R4_t1	7.576	263739	5.803	327540	1.438	91807	1.503	136189	0.249	12987	2.435	224959	3.564	659668	0.529	42192	0	0	9.026	800100	2.001	130236	6.669	2200398	2.794	201291	1.096	117162	0	1013555	0.456	35073	2.586	208749	1.495	131546	3.862	429214	4.917	246289
8	ccpa_R4_t2	7.266	343345	5.641	430602	1.414	122044	1.479	180674	0.24	16481	2.025	251845	3.346	830838	0.537	57537	0	0	8.805	1053942	1.925	169343	5.738	2516814	2.718	265181	1.306	190466	0	1368460	0.427	44370	2.491	271671	1.38	165967	3.77	565549	5.273	356280
8	ccpa_R4_t3	7.044	166105	5.57	211498	1.392	59791	1.512	91992	0.228	7521	3.012	187245	3.998	501781	-0.057	5424	0	0	9.059	538893	2.471	107540	7.961	1789946	2.711	131504	1.105	79315	0	680186	0.574	29768	2.436	132121	1.13	69992	3.898	290845	4.548	153079
8	ccpa_R4_t4	6.018	58971	5.237	81122	1.386	24202	1.826	45640	0	0	4.131	104660	5.189	269862	0	0	0	0	9.463	228733	2.063	36611	12.792	1203654	2.394	47880	1.071	31193	0	276435	0.558	11747	2.974	65258	1.762	41312	4.389	133318	4.135	56656
8	ccpa_R4_t5	8.516	429677	6.316	521285	1.571	146465	1.579	210883	0.225	16157	1.823	246291	3.348	904786	0.607	68596	0	0	9.465	1232378	2.071	197942	5.397	2557811	3.049	319899	1.345	213799	0	1489164	0.453	51247	2.688	318490	1.442	187387	3.965	647787	5.94	436048
2	ccpa_cdm_b1_rep3of3	6.393	65126	5.25	85282	5.253	90598	16.854	462332	7.188	166027	1.256	32766	8.149	454995	3.089	54684	19.952	755554	14.047	355504	2.302	42762	19.358	1941326	6.065	117805	2.451	77651	0	289955	1.824	40723	4.225	96641	6.001	133896	10.022	322095	7.957	113364
3	ccpa_cdm_b2_rep3of3	7.545	95566	5.484	112941	5.425	118845	18.515	645933	6.057	177409	1.167	38631	7.402	523226	3.39	75889	20.578	991301	13.614	438034	2.677	63071	15.972	2022805	6.212	153185	2.281	91680	0	368585	1.87	53098	3.992	116184	5.074	145040	9.685	395583	7.028	127435
4	ccpa_cdm_b3_rep2of2	8.105	97450	5.817	114296	5.619	117765	17.406	581220	6.31	177077	1.172	37134	7.221	488174	3.566	76240	19.254	886597	14.205	437533	2.618	59067	14.841	1794305	6.655	156606	2.47	95281	0	352896	1.848	50234	4.097	114099	6.088	165209	9.988	390676	7.69	133381
15	blank_demiwater	0	0	0	0	0	0	0.117	7782	0	0	0	0	0	0	0	0	0	0	0	0	0	0	0	0	0	0	0	0	0	3094050	0	0	0	0	0	0	0.401	115632	0	0
13	WT_cdm_b1_rep1of3	7.752	345479	5.577	405067	6.439	496262	16.889	2079007	5.666	585327	1.351	158439	5.755	1417828	4.336	338627	17.708	2999663	13.258	1506044	2.289	190824	9.022	3916311	6.439	559579	2.785	397249	0	1301162	1.047	104595	3.894	400204	5.495	552318	9.297	1340136	8.588	548693
9	WT_R1_t1	8.072	584509	6.731	789833	2.06	269275	1.974	380587	0.267	30166	1.24	236930	2.738	1030901	0.831	125215	2.538	583971	9.777	1815450	1.881	256973	4.217	2754553	3.489	515631	1.54	351463	0	2124150	0.518	83731	2.532	428462	1.931	343892	4.458	1040899	6.858	716829
9	WT_R1_t2	5.716	55007	5.304	79993	1.647	27670	1.938	47327	0.251	3481	2.975	73216	3.972	197286	0.443	9882	2.907	87356	9.146	215443	1.926	33346	11.684	1066420	2.655	51124	1.275	36560	0	269363	0.316	6404	2.227	47960	1.734	39701	5.069	150354	4.787	63747
9	WT_R1_t3	5.781	63636	5.186	89756	1.633	31467	1.932	54053	0.248	3911	2.239	62900	3.801	215514	0.69	15692	3.232	113535	8.597	232123	1.771	35187	10.963	1142640	2.61	57691	1.214	39757	0	308648	0.797	18841	2.599	63864	1.541	41100	4.239	143714	4.302	65756
9	WT_R1_t4	6.631	84646	6.144	124568	1.863	42122	2.126	70709	0.235	4249	2.898	96680	4.343	294648	0.544	15502	3.497	147277	10.252	327262	2.018	47323	11.752	1454840	3.091	79433	1.472	57648	0	365230	0.431	11929	2.495	72624	1.642	51359	5.028	202199	7.246	130163
9	WT_R1_t5	7.349	61908	6.361	86104	2.036	30635	2.347	52448	0.227	2697	3.098	69198	4.542	206885	0.663	12046	3.927	112608	10.225	218339	2.141	33560	14.566	1218394	3.191	54688	1.43	37411	0	244327	0.926	17343	2.677	52034	1.747	36240	5.496	148033	4.445	53755
9	WT_R1_t6	6.124	39215	5.811	58612	1.842	20665	2.326	38510	0.235	2107	3.859	64037	5.099	173564	0.368	5865	4.291	92306	10.202	161511	2.058	23924	16.356	1018849	2.916	37382	1.447	28088	0	181132	1.045	14531	2.546	36744	1.583	24679	5.669	113231	4.144	37199
10	WT_R2_t1	7.197	200425	6.295	281093	2.015	99983	2.132	156439	0.278	12184	1.976	144575	3.96	588018	0.694	41131	2.906	261161	10.518	740377	2.054	106203	9.01	2421094	3.283	184996	1.86	162255	0	805500	0.551	33805	2.559	164194	1.748	119543	5.045	447524	5.949	236221
10	WT_R2_t2	6.512	126650	5.949	183634	1.936	66352	2.214	112089	0.271	8059	2.402	121483	4.658	482801	0.033	7274	3.24	204716	10.38	503510	2.09	74436	11.581	2177124	2.977	116683	1.443	85786	0	555047	0.627	26560	2.535	112110	1.669	79163	5.198	317804	5.272	144463
10	WT_R2_t3	6.525	172185	5.868	246007	1.896	88310	2.14	146838	0.263	10486	1.755	119827	4.046	562921	0.616	35095	3.54	308088	9.992	657966	1.93	93417	9.399	2368730	3.061	162408	1.456	117521	0	753318	0.615	35343	2.435	146265	0	0	4.995	414305	5.765	214153
10	WT_R2_t4	7.063	110004	6.241	155555	1.986	55039	2.156	88285	0.236	5272	1.999	81627	4.502	376890	0.032	5866	3.597	187245	10.208	400966	2.035	58706	11.606	1766791	3.124	98673	1.424	68505	0	449427	0.436	14867	1.814	65599	0	0	5.149	254905	5.569	123481
10	WT_R2_t5	4.378	24854	4.4	37834	1.468	14003	1.962	26995	0.205	1401	3.326	46123	0.472	4770	0	0	4.154	74479	8.217	109009	1.785	17417	16.403	855347	2.151	23926	1.185	19039	0	151613	0.432	4968	1.357	16747	0	0	4.831	80598	3.25	24537
10	WT_R2_t6	5.77	64688	5.273	92812	1.742	34021	2.143	61340	0.221	3316	1.795	51153	0.453	8640	0	0	4.113	152662	0	0	1.862	37632	12.864	1376387	2.622	58989	1.286	43023	0	314270	0.438	10448	1.465	37332	0	0	4.824	166854	4.947	76823
13	WT_cdm_b1_rep2of3	5.336	56489	4.265	71048	5.164	90028	19.128	530590	4.861	112760	1.011	26483	7.861	442882	2.667	48173	23.509	902999	0	0	2.191	41165	18.984	1922717	4.613	92033	2.111	67271	0	293013	0.772	17318	4.108	95005	0	0	9.229	299567	7.274	104819
11	WT_R3_t1	5.01	43957	4.988	67357	1.654	24780	2.304	50569	0.253	3153	2.309	50508	0.507	9211	0	0	4.161	118228	9.196	193187	1.964	30305	15.053	1239723	2.484	42984	1.325	33950	0	240237	0.437	7974	2.284	43824	0	0	5.12	135466	4.679	55596
11	WT_R3_t2	6.004	47666	5.608	70059	1.84	25519	2.449	50223	0.247	2831	2.501	51055	0.553	10675	0	0	3.89	102071	0	0	2.019	29020	15.587	1197926	2.801	44573	1.428	34238	0	223890	0.466	7925	1.71	30858	0	0	5.563	137317	4.949	54751
11	WT_R3_t3	7.654	71458	6.707	100855	2.124	35517	2.499	62338	0.248	3464	2.446	60667	0.557	13186	0	0	4.403	142767	0	0	2.274	39656	13.212	1225675	3.423	64921	1.526	44607	0	272147	0.524	10852	1.932	42210	0	0	5.555	166677	5.762	77327
11	WT_R3_t4	6.963	61722	6.05	85813	1.948	30703	2.406	56228	0.233	2932	2.102	48791	0.542	11598	0	0	4.624	141472	0	0	2.165	35446	13.995	1221084	3.058	54988	1.428	39042	0	255294	0.454	8795	1.809	37165	0	0	5.353	150609	5.249	66168
11	WT_R3_t5	6.379	38075	5.988	56534	1.841	19370	2.2	34076	0.23	1908	3.43	53317	0.551	8014	0	0	4.06	81288	0	0	1.849	20200	15.667	913664	3.014	36110	1.428	25978	0	169846	0.395	5083	1.813	24772	0	0	5.422	101491	4.27	35921
25	calib_10_cdm_run2	0.807	187098	0.42	187531	0.486	167107	1.442	726736	2.736	237924	0.138	54438	0.271	165788	0.476	9199	1.438	790501	1.219	632640	0.208	92909	0.622	323266	0.555	269926	0.26	115447	0	4898241	0.182	72652	0.337	179234	0.43	286931	0.785	499957	0.835	582283
24	calib_20_cdm_run2	2.09	422708	1.211	409500	1.159	380596	3.18	1486985	1.271	114293	0	0	0.719	370449	1.136	21232	2.776	1572927	2.805	1286985	0.513	195286	0.79	506282	1.368	569892	0.492	228106	0	5062523	0.332	131256	0.714	336635	1.165	573269	1.782	1025792	2.78	1119065
23	calib_30_cdm_run2	4.495	1008611	2.29	832621	2.043	773350	4.939	2640132	1.966	209088	0.462	812457	1.314	750457	1.855	40251	4.076	2729424	4.45	2299563	0.945	397030	0.785	592764	2.467	1139514	0.739	406630	0	5988436	0.57	260732	1.258	656342	2.085	1087356	2.682	1756921	2.76	1317479
22	calib_40_cdm_run2	4.289	835671	2.694	833773	2.416	787514	6.69	3045361	2.639	242918	0.649	1074117	1.562	762911	2.263	42284	5.67	3285954	5.985	2618897	1.13	405384	1.317	1070835	2.982	1175404	1.039	495751	0	5185009	0.699	275424	1.576	698969	2.58	1132280	3.65	2027163	3.709	1399131
21	calib_50_cdm_run2	5.065	929668	3.247	939813	2.917	899509	8.129	3488800	3.22	281857	0.772	1254274	1.897	870355	2.741	48475	6.859	3779056	7.263	2987339	1.291	436296	1.609	1309821	3.587	1328650	1.259	572084	0	4930376	0.847	315774	1.897	790110	3.091	1264065	4.439	2319785	5.227	1723335
20	calib_60_cdm_run2	6.588	1256460	4.189	1251448	3.784	1220276	10.211	4571797	4.058	373536	0.93	1633705	2.445	1164475	3.592	66481	8.611	4988299	9.159	3916907	1.67	585007	1.908	1690365	4.621	1776023	1.572	751844	0	5184900	1.073	418638	2.406	1039729	3.947	1659100	5.501	2995043	6.151	2063812
19	calib_70_cdm_run2	6.969	1151934	4.536	1171298	4.136	1156546	11.484	4450373	4.588	366768	0	0	2.664	1097967	3.907	62728	9.814	4937294	10.318	3813880	1.952	589609	2.543	2047080	5.046	1678090	1.786	742017	0	4503313	1.196	404543	2.68	1000954	4.352	1576537	6.252	2942282	7.202	2041053
18	calib_80_cdm_run2	8.495	1406977	5.442	1403525	5.024	1413105	13.413	5222708	5.456	439997	0	0	3.209	1324917	4.743	76620	11.425	5798214	11.879	4406978	2.472	746455	2.627	2142344	6.053	2016173	2.085	874239	0	4543271	1.468	499404	3.197	1195939	5.032	1820013	7.173	3390550	7.847	2212998
17	calib_90_cdm_run2	8.93	1319537	5.64	1297405	5.282	1326572	14.165	4922425	5.705	411142	1.381	1983746	3.302	1217002	4.976	71789	12.358	5603740	12.577	4161797	2.24	606678	3.427	2570745	6.355	1888265	2.229	835378	0	4059853	1.568	476356	3.368	1123836	5.417	1742655	7.875	3317045	9.56	2342849
1	calib_100_cdm_run2	9.353	1190851	6.419	1266554	6.147	1329532	17.367	5185129	7.243	450315	1.833	2319223	3.884	1229019	6.002	74569	15.896	6218208	15.294	4341395	2.512	584607	5.092	3397970	6.97	1781529	2.768	895532	0	3502809	1.902	497428	4.014	1148925	6.247	1719539	9.905	3579135	12.862	2628719
15	blank_demiwater2_run2	0	0	0	0	0	0	0	0	0	0	0	0	0	0	0	0	0	0	0	0	0	0	0	0	0	0	0	0	0	6485349	0	0	0	0	-0.073	137599	0	0	5.255	2276332
13	WT_cdm_b1_rep1of2_run2	10.568	1627283	6.907	1648587	6.346	1664918	17.209	6235515	6.773	510965	1.565	2375894	4.146	1589004	12.018	180289	14.806	7028091	15.566	5359116	2.399	678399	3.428	2692265	7.673	2373046	2.389	937654	0	4250372	1.803	572675	4.168	1445854	6.42	2141181	9.537	4185072	12.711	3155975
14	WT_cdm_b2_rep1of2_run2	9.399	1427994	6.266	1477248	6.733	1736306	16.246	5796548	5.76	427446	1.597	2388993	3.768	1424087	8.846	130753	14.291	6672734	14.714	4990418	2.383	663086	3.797	2960165	6.998	2134607	2.379	918340	0	4180655	0.929	292977	3.937	1345730	5.859	1931679	9.384	4052185	11.443	2825813
11	WT_R3_t1_run2	10.073	1923784	7.86	2312384	2.339	774744	1.561	833727	4.028	376430	0.813	1423852	0.76	404012	2.939	55431	2.424	1428832	9.447	4096997	2.004	707031	1.862	1667775	4.056	1593135	1.412	685160	0	5264823	0.435	176659	2.721	1187364	2.164	986780	4.509	2514469	7.861	2568521
11	WT_R3_t2_run2	9.944	1786487	7.645	2117235	2.277	709880	1.529	770606	4.268	375081	0.847	1402254	0.729	366435	2.837	50347	2.147	1190778	9.364	3820157	1.955	649079	2.163	1869213	3.978	1470929	1.406	641684	0	4950839	0.393	150841	2.643	1086053	2.159	926164	4.468	2343866	7.732	2381791
11	WT_R3_t3_run2	10.94	1815148	8.393	2144915	2.508	721882	1.737	793095	4.608	374926	0.905	1401647	0.812	372815	3.218	52755	2.878	1476187	10.217	3845212	2.164	662563	2.278	1837351	4.399	1498269	1.537	649811	0	4583655	0.441	156057	2.944	1114638	2.407	942033	5.028	2428929	10.415	2850937
11	WT_R3_t4_run2	10.376	1810628	8.139	2186999	2.412	729937	1.714	823735	4.276	365460	0.913	1486859	0.782	378718	2.834	48903	2.969	1599745	10.13	4005786	2.109	678838	2.379	2028667	4.258	1525757	1.524	676587	0	4814368	0.402	150030	2.886	1148539	2.296	949662	4.966	2521010	9.22	2692346
11	WT_R3_t5_run2	9.823	1688029	7.794	2062614	2.315	689715	1.647	783661	4.17	350493	0.92	1473380	0.752	360139	2.902	49235	2.81	1489057	9.813	3820998	2.038	645969	2.531	2140276	3.899	1380126	1.483	647519	0	4734259	0.399	146454	2.804	1098693	2.203	901316	4.846	2422019	9.683	2762604
11	WT_R3_t6_run2	9.666	1790230	7.39	2110981	2.172	698617	1.508	784806	3.922	355109	0.77	1295295	0.701	365130	2.669	48866	2.562	1463124	8.883	3742065	1.859	637202	1.772	1523115	3.83	1461968	1.322	621577	0	5100202	0.467	183349	2.57	1089063	2.077	923062	4.366	2362195	9.191	2844257
12	WT_R4_t1_run2	9.739	1583834	7.746	1939919	2.375	669147	1.623	732458	4.16	330755	0.946	1439224	0.73	332123	3.025	48507	2.669	1338477	9.818	3616970	2.053	615427	2.749	2222788	3.868	1296087	1.492	616308	0	4479312	0.47	161870	2.823	1046435	2.203	852699	4.921	2325425	9.592	2592323
12	WT_R4_t2_run2	9.703	1474471	7.985	1866313	2.466	648259	1.729	721288	4.477	332618	1.01	1447958	0.779	328264	3.171	47466	2.724	1276016	10.414	3575941	2.096	586622	3.036	2319276	3.98	1243843	1.583	610792	0	4184857	0.474	152451	2.968	1025636	2.295	825132	5.228	2302287	11.125	2758906
15	blank_demiwater3_run2	0	0	0	0	0	0	0	0	0	0	0	0	0	0	0	0	0	0	0	0	0	0	0	0	0	0	0	0	0	6354467	0	0	0.24	183674	0	0	0	0	2.664	1365852
12	WT_R4_t3_run2	9.745	1699499	7.795	2092986	2.395	723552	1.649	796098	4.214	359357	0.906	1469718	0.755	366612	2.923	50300	2.599	1397804	9.875	3900458	2.061	662714	2.377	2022274	3.904	1401882	1.501	664632	0	4803675	0.408	151822	2.841	1128995	2.472	1010276	4.896	2481904	10.181	2928657
12	WT_R4_t4_run2	9.507	1943918	6.949	2195461	2.083	740404	1.249	744087	3.289	328580	0.659	1188506	0.643	374286	2.467	49921	2.055	1295908	7.945	3712507	1.707	648468	1.338	1186276	3.582	1514389	1.171	606868	0	5627797	0.414	180124	2.24	1054814	2.053	1008377	3.681	2217606	7.109	2523259
12	WT_R4_t5_run2	9.856	1807573	7.659	2164717	2.397	761673	1.63	829218	4.358	390892	0.856	1448748	0.735	376749	2.903	52562	2.721	1539052	9.495	3951474	1.998	676628	2.17	1915339	4.039	1523137	1.44	670593	0	5052957	0.525	203328	2.604	1092661	2.335	1011389	4.432	2373905	8.468	2626159
12	WT_R4_t6_run2	11.005	1954785	8.455	2313119	2.585	795863	1.706	836709	4.565	397725	0.871	1435470	0.807	397068	3.068	53895	2.877	1580004	10.215	4116266	2.164	709542	2.021	1712888	4.416	1610102	1.527	691049	0	4907711	0.511	192401	2.818	1144679	2.445	1022446	4.679	2428158	8.598	2584080
13	WT_cdm_b1_rep2of2_run2	10.597	1201212	7.269	1274703	7.117	1372952	19.795	5267169	7.943	441134	2.125	2422479	4.379	1233492	14.148	156137	18.538	6477590	17.722	4477468	2.458	511317	6.303	3801437	8.008	1821093	2.834	818860	0	3129040	1.995	466023	4.565	1162958	7.187	1754711	10.553	3401773	13.237	2409814
